# E [eV]   nuFnu [erg cm^2 s^-1]
0.67268 -9.77318
0.73367 -9.68827
0.78594 -9.67263
2.45862 -9.14078
2.51960 -9.14302
2.61543 -9.14972
2.76353 -9.16760
2.81581 -9.17877
2.94648 -9.18324
2.97262 -9.18771
3.04231 -9.19665
3.05974 -9.20112
3.11201 -9.21676
3.12943 -9.22123
3.24269 -9.26816
3.28625 -9.27486
3.41693 -9.29944
3.50404 -9.36872
3.61730 -9.39330
11.13566 -10.03687
11.35345 -9.75084
11.51898 -9.75307
11.71064 -9.75754
11.90230 -9.79777
12.08525 -9.83799
12.27691 -9.97430
12.46857 -10.27151
